-323343.3723	-323343.3723
479.888916	479.888916
88390.25497	88390.25497
-755175.209	-755175.209
-371257.9727	-371257.9727
472.6409912	472.6409912
123472.5952	123472.5952
-733937.1681	-733937.1681
-401113.8916	-401113.8916
418.47229	418.47229
178365.612	178365.612
-736068.6302	-736068.6302
-482017.4217	-482017.4217
341.796875	341.796875
212906.3606	212906.3606
-708086.2045	-708086.2045
-563532.4478	-563532.4478
-5.722045898	-5.722045898
235216.5222	235216.5222
-706151.0086	-706151.0086
-623552.227	-623552.227
-1180.171967	-1180.171967
277878.952	277878.952
-645822.2389	-645822.2389
-653760.2425	-653760.2425
-4578.68576	-4578.68576
244598.1026	244598.1026
-571265.6975	-571265.6975
-699606.1325	-699606.1325
-14508.81958	-14508.81958
206176.4717	206176.4717
-492338.3713	-492338.3713
-717752.7428	-717752.7428
-28851.22299	-28851.22299
159105.3963	159105.3963
-388224.3156	-388224.3156
-769508.934	-769508.934
-68448.25745	-68448.25745
97897.05276	97897.05276
-268877.7924	-268877.7924
-786253.5477	-786253.5477
-97121.42944	-97121.42944
53477.57339	53477.57339
-207189.6553	-207189.6553
-793344.593	-793344.593
-119973.7549	-119973.7549
11997.98584	11997.98584
-74812.79373	-74812.79373
-794988.06	-794988.06
-199298.4772	-199298.4772
1399.13559	1399.13559
-25899.21951	-25899.21951
-794240.284	-794240.284
-260460.4721	-260460.4721
518.7034607	518.7034607
34857.08237	34857.08237
-785950.3746	-785950.3746
-316479.4922	-316479.4922
504.3029785	504.3029785
77611.82785	77611.82785
-778921.7949	-778921.7949
-353930.378	-353930.378
464.9162292	464.9162292
114664.3639	114664.3639
-786882.4005	-786882.4005
-475047.0161	-475047.0161
376.701355	376.701355
145177.0782	145177.0782
-762596.6072	-762596.6072
-486996.0785	-486996.0785
345.2301025	345.2301025
208180.5229	208180.5229
-724947.7386	-724947.7386
-548117.0654	-548117.0654
135.4217529	135.4217529
235886.5738	235886.5738
-698451.9005	-698451.9005
-618874.3591	-618874.3591
-982.9521179	-982.9521179
249453.0678	249453.0678
-671685.5049	-671685.5049
-663058.9485	-663058.9485
-3317.832947	-3317.832947
250781.4407	250781.4407
-658916.4734	-658916.4734
-698110.7712	-698110.7712
-11883.54492	-11883.54492
231003.6659	231003.6659
-536732.1014	-536732.1014
-736359.5963	-736359.5963
-30842.78107	-30842.78107
177581.3103	177581.3103
-470101.4519	-470101.4519
-752003.1929	-752003.1929
-48004.81796	-48004.81796
120472.7173	120472.7173
-364461.422	-364461.422
-758188.8199	-758188.8199
-78186.22589	-78186.22589
62868.78586	62868.78586
-241083.622	-241083.622
-789894.104	-789894.104
-137336.731	-137336.731
15664.29138	15664.29138
-115588.2835	-115588.2835
-789533.0429	-789533.0429
-199166.2979	-199166.2979
3382.396698	3382.396698
-80165.29083	-80165.29083
-797646.9994	-797646.9994
-226350.1167	-226350.1167
617.2180176	617.2180176
-27799.79706	-27799.79706
-799885.7498	-799885.7498
-273224.0677	-273224.0677
499.2485046	499.2485046
38735.48508	38735.48508
-795991.1346	-795991.1346
-384887.7907	-384887.7907
449.180603	449.180603
117374.9924	117374.9924
-763307.476	-763307.476
-415958.9767	-415958.9767
390.0527954	390.0527954
146484.6611	146484.6611
-743415.7372	-743415.7372
-483295.8221	-483295.8221
352.4780273	352.4780273
190746.5935	190746.5935
-731338.501	-731338.501
-526961.422	-526961.422
205.5168152	205.5168152
210980.7014	210980.7014
-747799.015	-747799.015
-596823.7877	-596823.7877
-347.8050232	-347.8050232
247099.1135	247099.1135
-679224.3958	-679224.3958
-640552.0439	-640552.0439
-2073.383331	-2073.383331
253268.0511	253268.0511
-677244.1864	-677244.1864
-711320.591	-711320.591
-11809.73053	-11809.73053
227017.3073	227017.3073
-609648.7045	-609648.7045
-700946.9986	-700946.9986
-1325.035095	-1325.035095
178302.3834	178302.3834
-422124.0997	-422124.0997
-748777.4849	-748777.4849
-42922.11533	-42922.11533
125976.944	125976.944
-351171.875	-351171.875
-773873.5199	-773873.5199
-73640.25116	-73640.25116
82437.89673	82437.89673
-243322.5632	-243322.5632
-797471.6187	-797471.6187
-147719.2879	-147719.2879
22896.9574	22896.9574
-182491.1118	-182491.1118
-797941.6847	-797941.6847
-162592.9832	-162592.9832
5361.557007	5361.557007
-98148.15521	-98148.15521
-799999.0463	-799999.0463
-245266.4375	-245266.4375
1847.171783	1847.171783
-19403.07617	-19403.07617
-799384.6893	-799384.6893
-323620.7962	-323620.7962
467.0143127	467.0143127
-45230.67474	-45230.67474
-798705.3871	-798705.3871
-331224.7276	-331224.7276
467.300415	467.300415
67401.59988	67401.59988
-795433.3305	-795433.3305
-425605.4878	-425605.4878
436.7828369	436.7828369
119571.209	119571.209
-787371.254	-787371.254
-460835.6476	-460835.6476
375.5569458	375.5569458
169331.1691	169331.1691
-763753.7956	-763753.7956
-496512.5084	-496512.5084
296.9741821	296.9741821
202003.8605	202003.8605
-763112.545	-763112.545
-599539.6614	-599539.6614
-273.3230591	-273.3230591
235198.9746	235198.9746
-740268.898	-740268.898
-660819.8166	-660819.8166
-2085.590363	-2085.590363
248247.8142	248247.8142
-692080.6885	-692080.6885
-652749.157	-652749.157
-5449.390411	-5449.390411
246786.1176	246786.1176
-620716.5718	-620716.5718
-696533.68	-696533.68
-16064.16702	-16064.16702
195993.8049	195993.8049
-527634.2392	-527634.2392
-754893.2076	-754893.2076
-45436.9545	-45436.9545
138318.3479	138318.3479
-391503.8109	-391503.8109
-774620.7237	-774620.7237
-70280.55191	-70280.55191
88466.45355	88466.45355
-287315.1779	-287315.1779
-795519.9242	-795519.9242
-121746.3493	-121746.3493
36837.57782	36837.57782
-176602.5543	-176602.5543
-799959.9457	-799959.9457
-191271.4005	-191271.4005
8587.932587	8587.932587
-104272.0795	-104272.0795
-798677.9213	-798677.9213
-187654.686	-187654.686
562.0956421	562.0956421
-47495.93735	-47495.93735
-799837.4939	-799837.4939
-292364.2159	-292364.2159
496.9596863	496.9596863
16146.94595	16146.94595
-797521.8773	-797521.8773
-355180.645	-355180.645
459.9571228	459.9571228
64917.18292	64917.18292
-777969.9326	-777969.9326
-389959.4307	-389959.4307
21768.18848	21768.18848
109452.9152	109452.9152
-784425.8308	-784425.8308
-485913.8489	-485913.8489
362.3962402	362.3962402
154085.0639	154085.0639
-781326.58	-781326.58
-507009.5062	-507009.5062
307.4645996	307.4645996
193777.7519	193777.7519
-727017.2119	-727017.2119
-537448.597	-537448.597
47.20687866	47.20687866
233620.9297	233620.9297
-734500.885	-734500.885
-637813.5681	-637813.5681
-1200.580597	-1200.580597
258119.0109	258119.0109
-710608.7685	-710608.7685
-645685.2913	-645685.2913
-4143.428802	-4143.428802
248498.4398	248498.4398
-631519.6991	-631519.6991
-709880.9242	-709880.9242
-16080.28412	-16080.28412
209058.3801	209058.3801
-538235.569	-538235.569
-766729.3549	-766729.3549
-44892.69257	-44892.69257
153696.6324	153696.6324
-438558.96	-438558.96
-757344.0552	-757344.0552
-54610.82458	-54610.82458
100054.5502	100054.5502
-318373.0125	-318373.0125
-777103.6148	-777103.6148
-84107.39899	-84107.39899
44018.93616	44018.93616
-217964.7446	-217964.7446
-797075.1762	-797075.1762
-140537.6434	-140537.6434
78430.27115	78430.27115
-97652.91214	-97652.91214
-800000	-800000
-229421.711	-229421.711
1352.119446	1352.119446
-50405.31158	-50405.31158
-799845.5048	-799845.5048
-273431.2057	-273431.2057
490.3793335	490.3793335
3097.057343	3097.057343
-794761.2762	-794761.2762
-318597.7936	-318597.7936
493.7171936	493.7171936
89524.74594	89524.74594
-780448.4367	-780448.4367
-369042.3965	-369042.3965
453.2814026	453.2814026
116592.5026	116592.5026
-790776.825	-790776.825
-424902.5345	-424902.5345
409.2216492	409.2216492
147003.6507	147003.6507
-784619.6175	-784619.6175
-471309.3758	-471309.3758
316.0476685	316.0476685
186666.4886	186666.4886
-752196.5981	-752196.5981
-533722.3053	-533722.3053
111.579895	111.579895
231799.7932	231799.7932
-730903.9116	-730903.9116
-583564.0907	-583564.0907
-614.1662598	-614.1662598
256569.4809	256569.4809
-699149.0364	-699149.0364
-684173.9655	-684173.9655
-4690.551758	-4690.551758
247466.2781	247466.2781
-666902.5421	-666902.5421
-681192.8749	-681192.8749
-10986.9957	-10986.9957
223618.9842	223618.9842
-558001.6136	-558001.6136
-757883.4534	-757883.4534
-40009.21249	-40009.21249
176413.1546	176413.1546
-468754.8637	-468754.8637
-785575.676	-785575.676
-73910.52246	-73910.52246
126478.3859	126478.3859
-323242.1875	-323242.1875
-789325.428	-789325.428
-102949.7147	-102949.7147
66465.66391	66465.66391
-210128.0212	-210128.0212
-799237.5374	-799237.5374
-156517.0288	-156517.0288
23772.43042	23772.43042
-145752.1439	-145752.1439
-800000	-800000
-234165.0963	-234165.0963
3600.597382	3600.597382
-74627.78091	-74627.78091
-799983.5968	-799983.5968
-265773.5825	-265773.5825
74292.46902	74292.46902
-2617.645264	-2617.645264
-798869.9913	-798869.9913
-294563.3888	-294563.3888
494.5755005	494.5755005
49014.75906	49014.75906
-797035.7895	-797035.7895
-383238.2202	-383238.2202
436.6874695	436.6874695
94025.03967	94025.03967
-791691.3033	-791691.3033
-432999.8016	-432999.8016
380.3253174	380.3253174
142989.7308	142989.7308
-788300.8003	-788300.8003
-456020.8321	-456020.8321
320.148468	320.148468
185594.6541	185594.6541
-758311.9392	-758311.9392
-582726.2878	-582726.2878
20.7901001	20.7901001
219867.5156	219867.5156
-738822.1741	-738822.1741
-617033.0048	-617033.0048
-710.9642029	-710.9642029
253345.4895	253345.4895
-723980.4268	-723980.4268
-633864.0213	-633864.0213
-2297.592163	-2297.592163
251644.4206	251644.4206
-672429.8477	-672429.8477
-648253.2501	-648253.2501
-8699.321747	-8699.321747
298773.4795	298773.4795
-601182.5562	-601182.5562
-735866.9281	-735866.9281
-29367.1608	-29367.1608
183477.1156	183477.1156
-496563.4346	-496563.4346
-743435.0014	-743435.0014
-44016.07513	-44016.07513
131787.014	131787.014
-347656.25	-347656.25
-785020.4468	-785020.4468
-90036.29684	-90036.29684
81639.00375	81639.00375
-267422.0085	-267422.0085
-790317.7261	-790317.7261
-135181.9992	-135181.9992
26258.18253	26258.18253
-157594.2993	-157594.2993
-799971.7712	-799971.7712
-209337.4252	-209337.4252
3397.56012	3397.56012
-90576.93481	-90576.93481
-799995.8992	-799995.8992
-256127.8343	-256127.8343
724.2202759	724.2202759
-17652.5116	-17652.5116
-799502.4681	-799502.4681
-331670.5704	-331670.5704
490.8561707	490.8561707
45955.46722	45955.46722
-798662.4718	-798662.4718
-355142.9749	-355142.9749
433.3496094	433.3496094
82167.24396	82167.24396
-793766.2125	-793766.2125
-381473.5413	-381473.5413
460.43396	460.43396
135562.9921	135562.9921
-780428.791	-780428.791
-412129.2114	-412129.2114
417.2325134	417.2325134
176180.7442	176180.7442
-769156.2653	-769156.2653
-536706.0661	-536706.0661
125.5989075	125.5989075
217636.3945	217636.3945
-749610.5194	-749610.5194
-594764.6141	-594764.6141
-398.2543945	-398.2543945
245717.907	245717.907
-721258.1635	-721258.1635
-615409.6603	-615409.6603
-1748.180389	-1748.180389
249663.0669	249663.0669
-674106.7886	-674106.7886
-688055.1338	-688055.1338
-9014.320374	-9014.320374
244483.3755	244483.3755
-608156.2042	-608156.2042
-737599.8497	-737599.8497
-25960.92224	-25960.92224
198357.0099	198357.0099
-502667.3317	-502667.3317
-749572.7539	-749572.7539
-51337.6236	-51337.6236
137238.5025	137238.5025
-380859.375	-380859.375
-784031.6772	-784031.6772
-88507.27081	-88507.27081
82770.72906	82770.72906
-285426.9981	-285426.9981
-799027.9198	-799027.9198
-149910.6407	-149910.6407
29485.89325	29485.89325
-166095.6383	-166095.6383
-799597.9309	-799597.9309
-177990.3412	-177990.3412
8072.185516	8072.185516
-70118.99948	-70118.99948
-799719.0475	-799719.0475
-247171.7834	-247171.7834
689.4111633	689.4111633
-13603.97339	-13603.97339
-799190.9981	-799190.9981
-316673.0881	-316673.0881
507.4501038	507.4501038
16004.65775	16004.65775
-797495.3651	-797495.3651
-381845.9511	-381845.9511
452.2323608	452.2323608
67002.10571	67002.10571
-796057.6057	-796057.6057
-441648.2925	-441648.2925
386.8103027	386.8103027
123270.5116	123270.5116
-791481.5903	-791481.5903
-430128.7651	-430128.7651
25330.54352	25330.54352
186581.8977	186581.8977
-769869.6136	-769869.6136
-508801.5556	-508801.5556
260.7345581	260.7345581
206297.9698	206297.9698
-740139.9612	-740139.9612
-574727.726	-574727.726
-128.6506653	-128.6506653
238142.1089	238142.1089
-724320.9839	-724320.9839
-657308.5785	-657308.5785
-2178.287506	-2178.287506
252979.4693	252979.4693
-687926.1971	-687926.1971
-694694.3283	-694694.3283
-8115.291595	-8115.291595
254569.6259	254569.6259
-634963.131	-634963.131
-752414.9895	-752414.9895
-23646.83151	-23646.83151
212133.3122	212133.3122
-520739.46	-520739.46
-759331.8939	-759331.8939
-51315.97519	-51315.97519
151076.889	151076.889
-402245.4262	-402245.4262
-786307.0488	-786307.0488
-83142.66205	-83142.66205
100228.405	100228.405
-282438.8504	-282438.8504
-796404.7432	-796404.7432
-130444.3359	-130444.3359
73724.65134	73724.65134
-200293.541	-200293.541
-799682.4265	-799682.4265
-176920.2232	-176920.2232
14814.56757	14814.56757
-90854.54941	-90854.54941
-798623.9433	-798623.9433
-223093.1282	-223093.1282
1098.060608	1098.060608
-44031.14319	-44031.14319
-799992.3706	-799992.3706
-272852.5162	-272852.5162
507.7362061	507.7362061
15850.25787	15850.25787
-797607.0404	-797607.0404
-321630.3825	-321630.3825
446.0334778	446.0334778
77621.9368	77621.9368
-792765.7127	-792765.7127
-379388.7138	-379388.7138
403.3088684	403.3088684
131135.9406	131135.9406
-773732.5668	-773732.5668
-427338.5048	-427338.5048
407.2189331	407.2189331
165890.3122	165890.3122
-772357.4638	-772357.4638
-518525.7912	-518525.7912
232.4104309	232.4104309
214766.0255	214766.0255
-769421.8636	-769421.8636
-559769.3443	-559769.3443
37.76550293	37.76550293
228511.0474	228511.0474
-718877.1248	-718877.1248
-623642.8261	-623642.8261
-1040.554047	-1040.554047
258817.482	258817.482
-704934.9785	-704934.9785
-687138.7482	-687138.7482
-5406.3797	-5406.3797
258592.1288	258592.1288
-650129.1275	-650129.1275
-677292.4423	-677292.4423
-13771.91544	-13771.91544
234660.8162	234660.8162
-548283.9584	-548283.9584
-736471.5576	-736471.5576
-37211.22742	-37211.22742
180789.9475	180789.9475
-443142.3187	-443142.3187
-769548.7022	-769548.7022
-65273.47565	-65273.47565
112458.992	112458.992
-327441.5016	-327441.5016
-787151.2413	-787151.2413
-102610.9695	-102610.9695
67721.84372	67721.84372
-230303.2875	-230303.2875
-799707.1266	-799707.1266
-178952.4078	-178952.4078
26620.7695	26620.7695
-115344.0475	-115344.0475
-800000	-800000
-250327.0149	-250327.0149
2860.26001	2860.26001
-55843.44864	-55843.44864
-798740.5777	-798740.5777
-253908.5388	-253908.5388
483.0360413	483.0360413
6239.795685	6239.795685
-798810.3867	-798810.3867
-351650.8102	-351650.8102
499.9160767	499.9160767
67789.26849	67789.26849
-796228.2181	-796228.2181
-352404.4991	-352404.4991
455.2841187	455.2841187
117657.9475	117657.9475
-783384.6092	-783384.6092
-425278.4729	-425278.4729
399.684906	399.684906
151155.5672	151155.5672
-765827.5604	-765827.5604
-501278.5912	-501278.5912
204.4677734	204.4677734
205161.953	205161.953
-765416.05	-765416.05
-529648.9716	-529648.9716
54.45480347	54.45480347
235912.9906	235912.9906
-739423.9426	-739423.9426
-593926.8112	-593926.8112
-718.0213928	-718.0213928
252185.6308	252185.6308
-713790.7982	-713790.7982
-675117.3019	-675117.3019
-4857.063293	-4857.063293
269434.4521	269434.4521
-645905.3993	-645905.3993
-728353.0235	-728353.0235
-16019.82117	-16019.82117
237607.7652	237607.7652
-566867.733	-566867.733
-715208.5304	-715208.5304
-29486.17935	-29486.17935
178966.2361	178966.2361
-460150.4326	-460150.4326
-763512.2299	-763512.2299
-56834.79309	-56834.79309
117026.7105	117026.7105
-330859.375	-330859.375
-750872.0398	-750872.0398
-70586.01379	-70586.01379
90288.44833	90288.44833
-236115.551	-236115.551
-798601.0551	-798601.0551
-152875.042	-152875.042
23969.2688	23969.2688
-126796.4363	-126796.4363
-799986.3625	-799986.3625
-220954.5135	-220954.5135
4373.073578	4373.073578
-47136.97433	-47136.97433
-799960.6133	-799960.6133
-283831.8825	-283831.8825
714.8742676	714.8742676
21113.87253	21113.87253
-797860.1456	-797860.1456
-332262.2299	-332262.2299
428.9627075	428.9627075
65239.048	65239.048
-793269.062	-793269.062
-381325.3403	-381325.3403
436.3059998	436.3059998
98761.94	98761.94
-791505.7182	-791505.7182
-401883.8882	-401883.8882
430.7746887	430.7746887
141792.2974	141792.2974
-782331.3713	-782331.3713
-426329.3266	-426329.3266
351.1428833	351.1428833
189649.7726	189649.7726
-756054.4014	-756054.4014
-564170.5513	-564170.5513
72.28851318	72.28851318
221088.6955	221088.6955
-740779.4952	-740779.4952
-595744.7052	-595744.7052
-402.3551941	-402.3551941
258429.2412	258429.2412
-708375.8354	-708375.8354
-644194.7937	-644194.7937
-2637.195587	-2637.195587
265300.6554	265300.6554
-692589.7598	-692589.7598
-708829.689	-708829.689
-9775.066376	-9775.066376
235689.0678	235689.0678
-588080.5016	-588080.5016
-752237.3199	-752237.3199
-34306.14471	-34306.14471
184517.9558	184517.9558
-490552.6161	-490552.6161
-741143.7035	-741143.7035
-47609.90143	-47609.90143
128109.0736	128109.0736
-379492.1875	-379492.1875
-776064.7774	-776064.7774
-78340.33966	-78340.33966
85001.18256	85001.18256
-250810.9093	-250810.9093
-797566.8907	-797566.8907
-143146.6103	-143146.6103
28467.08298	28467.08298
-134140.3008	-134140.3008
-799895.7634	-799895.7634
-198213.1958	-198213.1958
7470.989227	7470.989227
-69621.65833	-69621.65833
-799994.278	-799994.278
-257715.416	-257715.416
1007.270813	1007.270813
-9795.188904	-9795.188904
-799902.916	-799902.916
-321962.8334	-321962.8334
409.6031189	409.6031189
32128.04794	32128.04794
-789188.0989	-789188.0989
-352075.4814	-352075.4814
457.6683044	457.6683044
100167.2745	100167.2745
-782826.8051	-782826.8051
-421026.8021	-421026.8021
412.273407	412.273407
145386.6005	145386.6005
-774186.1343	-774186.1343
-493009.5673	-493009.5673
364.2082214	364.2082214
180929.3747	180929.3747
-766213.7032	-766213.7032
-530144.6915	-530144.6915
253.5820007	253.5820007
218754.1008	218754.1008
-733003.6163	-733003.6163
-596646.1182	-596646.1182
-370.9793091	-370.9793091
239788.1508	239788.1508
-724606.9908	-724606.9908
-590387.4397	-590387.4397
-1385.879517	-1385.879517
271494.7701	271494.7701
-666893.959	-666893.959
-702148.6282	-702148.6282
-8686.637878	-8686.637878
242588.2339	242588.2339
-603662.4908	-603662.4908
-710768.5089	-710768.5089
-19797.7066	-19797.7066
198130.703	198130.703
-500376.8921	-500376.8921
-758690.0711	-758690.0711
-49615.09705	-49615.09705
148930.1682	148930.1682
-375585.9375	-375585.9375
-777584.2667	-777584.2667
-81072.33047	-81072.33047
98431.68259	98431.68259
-291337.6808	-291337.6808
-789544.0102	-789544.0102
-112546.1578	-112546.1578
40604.01917	40604.01917
-170447.3495	-170447.3495
-799695.5872	-799695.5872
-178939.6286	-178939.6286
9592.342377	9592.342377
-80471.61102	-80471.61102
-799995.9946	-799995.9946
-228539.8483	-228539.8483
685.5964661	685.5964661
-4562.473297	-4562.473297
-798248.5771	-798248.5771
-306196.6896	-306196.6896
495.0523376	495.0523376
50620.84198	50620.84198
-795895.7672	-795895.7672
-341748.1422	-341748.1422
478.7445068	478.7445068
84495.44907	84495.44907
-777600.956	-777600.956
-410552.7878	-410552.7878
425.0526428	425.0526428
131587.41	131587.41
-786205.7686	-786205.7686
-432905.2925	-432905.2925
400.7339478	400.7339478
179679.1077	179679.1077
-765240.86	-765240.86
-487510.8719	-487510.8719
357.2463989	357.2463989
206407.0702	206407.0702
-747671.3181	-747671.3181
-550290.2031	-550290.2031
-67.23403931	-67.23403931
236066.4368	236066.4368
-709830.0934	-709830.0934
-602263.9275	-602263.9275
-1281.833649	-1281.833649
253946.209	253946.209
-681845.7603	-681845.7603
-666232.872	-666232.872
-5646.99173	-5646.99173
247962.5702	247962.5702
-604911.6135	-604911.6135
-696899.9863	-696899.9863
-16217.70859	-16217.70859
207514.286	207514.286
-537442.6842	-537442.6842
-726969.6236	-726969.6236
-35713.38654	-35713.38654
160630.4169	160630.4169
-394724.7505	-394724.7505
-783661.3655	-783661.3655
-79871.08231	-79871.08231
108166.5039	108166.5039
-302934.8373	-302934.8373
-796145.7253	-796145.7253
-130887.3177	-130887.3177
54927.73056	54927.73056
-190199.2798	-190199.2798
-799795.5322	-799795.5322
-186208.2481	-186208.2481
13992.2142	13992.2142
-97716.04538	-97716.04538
-790255.5466	-790255.5466
-193788.3377	-193788.3377
2555.847168	2555.847168
-21226.02463	-21226.02463
-798359.108	-798359.108
-282065.2962	-282065.2962
518.7988281	518.7988281
22705.17349	22705.17349
-796725.1778	-796725.1778
-369743.0611	-369743.0611
466.4421082	466.4421082
73200.8934	73200.8934
-795623.5886	-795623.5886
-412398.4337	-412398.4337
466.4421082	466.4421082
132538.3186	132538.3186
-784375.8583	-784375.8583
-442929.9355	-442929.9355
366.6877747	366.6877747
164012.4321	164012.4321
-777015.5907	-777015.5907
-502221.5843	-502221.5843
337.7914429	337.7914429
215823.0782	215823.0782
-740404.129	-740404.129
-490781.4026	-490781.4026
186.8247986	186.8247986
243717.3843	243717.3843
-716599.2737	-716599.2737
-614174.0799	-614174.0799
-920.3910828	-920.3910828
261875.1526	261875.1526
-674807.93	-674807.93
-634638.3095	-634638.3095
-4426.288605	-4426.288605
255928.6118	255928.6118
-639813.1371	-639813.1371
-709796.3333	-709796.3333
-14558.79211	-14558.79211
225142.2882	225142.2882
-544537.0674	-544537.0674
-734041.7862	-734041.7862
-30145.1683	-30145.1683
168249.321	168249.321
-420077.9915	-420077.9915
-786353.302	-786353.302
-76560.11581	-76560.11581
114475.9178	114475.9178
-282617.1875	-282617.1875
-790556.8123	-790556.8123
-109030.3421	-109030.3421
70705.41382	70705.41382
-154419.0407	-154419.0407
-799253.9406	-799253.9406
-170641.5176	-170641.5176
16864.49051	16864.49051
-124410.4385	-124410.4385
-799207.6874	-799207.6874
-176953.8879	-176953.8879
2831.077576	2831.077576
-33117.38968	-33117.38968
-799802.1126	-799802.1126
-273800.3731	-273800.3731
569.0574646	569.0574646
24709.98764	24709.98764
-799330.1392	-799330.1392
-330412.0064	-330412.0064
461.769104	461.769104
84856.987	84856.987
-788207.531	-788207.531
-367903.8048	-367903.8048
401.8783569	401.8783569
125448.9899	125448.9899
-784314.2509	-784314.2509
-445131.3019	-445131.3019
394.5350647	394.5350647
167939.0907	167939.0907
-769295.9785	-769295.9785
-507245.7314	-507245.7314
317.8596497	317.8596497
206888.6757	206888.6757
-741757.679	-741757.679
-571193.1229	-571193.1229
-2.574920654	-2.574920654
242276.3824	242276.3824
-742564.9643	-742564.9643
-515079.3076	-515079.3076
-56.26678467	-56.26678467
269162.8456	269162.8456
-696996.1166	-696996.1166
-645470.2377	-645470.2377
-3195.381165	-3195.381165
259750.4616	259750.4616
-628858.1848	-628858.1848
-682089.5195	-682089.5195
-11268.71109	-11268.71109
238151.4549	238151.4549
-554461.0977	-554461.0977
-739476.6808	-739476.6808
-33753.10898	-33753.10898
188310.8139	188310.8139
-456877.8038	-456877.8038
-758679.1992	-758679.1992
-57720.18433	-57720.18433
124602.6039	124602.6039
-338545.0363	-338545.0363
-783012.867	-783012.867
-89923.76328	-89923.76328
73493.67142	73493.67142
-218359.6611	-218359.6611
-797872.6387	-797872.6387
-147337.9135	-147337.9135
28075.69504	28075.69504
-127298.7366	-127298.7366
-799927.33	-799927.33
-201814.7469	-201814.7469
5787.658691	5787.658691
-48974.70474	-48974.70474
-799992.6567	-799992.6567
-247856.7123	-247856.7123
693.8934326	693.8934326
8299.064636	8299.064636
-799124.527	-799124.527
-335119.7243	-335119.7243
469.8753357	469.8753357
80244.4458	80244.4458
-793836.7844	-793836.7844
-362009.4299	-362009.4299
436.5921021	436.5921021
123788.5475	123788.5475
-783993.1488	-783993.1488
-438538.8374	-438538.8374
435.3523254	435.3523254
165968.7996	165968.7996
-774447.2504	-774447.2504
-525582.8857	-525582.8857
243.7591553	243.7591553
208142.4713	208142.4713
-766787.8151	-766787.8151
-546872.3297	-546872.3297
157.4516296	157.4516296
237696.3615	237696.3615
-743618.1068	-743618.1068
-570920.6581	-570920.6581
-296.2112427	-296.2112427
265733.1467	265733.1467
-700082.6836	-700082.6836
-655037.3077	-655037.3077
-2269.744873	-2269.744873
293988.8954	293988.8954
-659728.6224	-659728.6224
-722624.8741	-722624.8741
-10635.85281	-10635.85281
281133.2703	281133.2703
-576681.0417	-576681.0417
-750620.3651	-750620.3651
-32019.32907	-32019.32907
226021.3852	226021.3852
-491135.6926	-491135.6926
-760286.9034	-760286.9034
-50642.29965	-50642.29965
165714.3593	165714.3593
-355664.7301	-355664.7301
-796867.1799	-796867.1799
-117760.1814	-117760.1814
104926.9676	104926.9676
-234864.1396	-234864.1396
-798360.8246	-798360.8246
-151032.1617	-151032.1617
49379.92096	49379.92096
-151277.1606	-151277.1606
-799945.4498	-799945.4498
-221427.8221	-221427.8221
17093.37234	17093.37234
-47957.80182	-47957.80182
-799561.9774	-799561.9774
-227721.7865	-227721.7865
2601.528168	2601.528168
3840.637207	3840.637207
-798057.5562	-798057.5562
-296360.8742	-296360.8742
506.3056946	506.3056946
58417.60635	58417.60635
-794301.3191	-794301.3191
-345953.1784	-345953.1784
415.0390625	415.0390625
112518.3105	112518.3105
-779773.14	-779773.14
-420985.8894	-420985.8894
425.7202148	425.7202148
151489.6393	151489.6393
-769308.4717	-769308.4717
-434964.8476	-434964.8476
420.1889038	420.1889038
185168.1709	185168.1709
-751600.0748	-751600.0748
-551891.8037	-551891.8037
202.6557922	202.6557922
218428.1349	218428.1349
-730313.2057	-730313.2057
-557312.5839	-557312.5839
-179.4815063	-179.4815063
263432.5981	263432.5981
-693148.9944	-693148.9944
-636170.7687	-636170.7687
-2100.563049	-2100.563049
266450.3098	266450.3098
-668802.5475	-668802.5475
-652542.1143	-652542.1143
-5963.3255	-5963.3255
250114.5363	250114.5363
-586439.6095	-586439.6095
-682812.3093	-682812.3093
-15550.23193	-15550.23193
213808.1551	213808.1551
-471591.8541	-471591.8541
-727818.7752	-727818.7752
-34928.98941	-34928.98941
151907.8255	151907.8255
-404199.2188	-404199.2188
-730048.1796	-730048.1796
-48674.20197	-48674.20197
91768.83698	91768.83698
-275351.1429	-275351.1429
-789930.439	-789930.439
-117210.0067	-117210.0067
40240.28778	40240.28778
-158588.3141	-158588.3141
-798491.3826	-798491.3826
-163374.5193	-163374.5193
7476.520538	7476.520538
-91226.67313	-91226.67313
-799500.8469	-799500.8469
-232065.2962	-232065.2962
1141.166687	1141.166687
-22835.4454	-22835.4454
-798779.583	-798779.583
-294656.6582	-294656.6582
490.3793335	490.3793335
38698.10104	38698.10104
-792774.0097	-792774.0097
-346357.3456	-346357.3456
479.3167114	479.3167114
68410.39658	68410.39658
-792649.6506	-792649.6506
-398758.2207	-398758.2207
419.4259644	419.4259644
127862.6442	127862.6442
-766828.6324	-766828.6324
-389719.3909	-389719.3909
402.545929	402.545929
161877.8229	161877.8229
-747268.0092	-747268.0092
-500675.5829	-500675.5829
306.3201904	306.3201904
207866.0011	207866.0011
-745973.3009	-745973.3009
-527843.6661	-527843.6661
57.79266357	57.79266357
237149.8108	237149.8108
-725379.5624	-725379.5624
-611048.6984	-611048.6984
-1042.842865	-1042.842865
260263.3476	260263.3476
-685964.7751	-685964.7751
-649288.6543	-649288.6543
-5236.339569	-5236.339569
252634.3346	252634.3346
-628480.4344	-628480.4344
-738758.3733	-738758.3733
-19380.85556	-19380.85556
222491.5504	222491.5504
-547164.8216	-547164.8216
-727458.8585	-727458.8585
-35392.47513	-35392.47513
164116.6687	164116.6687
-380562.2101	-380562.2101
-735735.5118	-735735.5118
-23983.00171	-23983.00171
109621.3341	109621.3341
-318848.1331	-318848.1331
-792389.9651	-792389.9651
-114511.4899	-114511.4899
55196.09451	55196.09451
-207376.6708	-207376.6708
-799643.7073	-799643.7073
-179665.947	-179665.947
16198.15826	16198.15826
-115496.254	-115496.254
-799599.2661	-799599.2661
-222467.9947	-222467.9947
2302.360535	2302.360535
-26208.40073	-26208.40073
-799832.9163	-799832.9163
-295830.3452	-295830.3452
509.929657	509.929657
13698.19641	13698.19641
-794159.1263	-794159.1263
-319181.2515	-319181.2515
474.9298096	474.9298096
70626.92642	70626.92642
-787858.1047	-787858.1047
-380722.8088	-380722.8088
436.3059998	436.3059998
137289.6194	137289.6194
-771749.2104	-771749.2104
-428931.6177	-428931.6177
846.0044861	846.0044861
174453.2585	174453.2585
-767558.9561	-767558.9561
-490201.8547	-490201.8547
317.4781799	317.4781799
202130.6038	202130.6038
-759804.821	-759804.821
-545567.131	-545567.131
61.98883057	61.98883057
230157.1846	230157.1846
-729280.8533	-729280.8533
-634539.6996	-634539.6996
-872.4212646	-872.4212646
258429.2412	258429.2412
-707196.8079	-707196.8079
-697362.4229	-697362.4229
-4916.095734	-4916.095734
267877.4834	267877.4834
-648509.1209	-648509.1209
-735109.7107	-735109.7107
-15025.90179	-15025.90179
230317.2112	230317.2112
-562505.8174	-562505.8174
-785063.9343	-785063.9343
-55386.82938	-55386.82938
184381.1989	184381.1989
-455258.6555	-455258.6555
-781740.284	-781740.284
-73619.27032	-73619.27032
129382.8964	129382.8964
-355566.4063	-355566.4063
-790283.7753	-790283.7753
-101074.6956	-101074.6956
72909.2598	72909.2598
-232917.9764	-232917.9764
-799965.0002	-799965.0002
-187998.1041	-187998.1041
22262.95471	22262.95471
-124534.1301	-124534.1301
-799851.6083	-799851.6083
-196606.2546	-196606.2546
4409.503937	4409.503937
-53604.88892	-53604.88892
-799854.5647	-799854.5647
-265495.6818	-265495.6818
530.5290222	530.5290222
12940.02533	12940.02533
-799439.7163	-799439.7163
-369459.343	-369459.343
461.3876343	461.3876343
57709.21707	57709.21707
-794570.6367	-794570.6367
-386348.3429	-386348.3429
402.9273987	402.9273987
109436.7981	109436.7981
-790678.8826	-790678.8826
-439855.2895	-439855.2895
396.2516785	396.2516785
157863.9984	157863.9984
-769479.1794	-769479.1794
-524704.9332	-524704.9332
287.3420715	287.3420715
198681.1638	198681.1638
-761958.9806	-761958.9806
-540986.9194	-540986.9194
145.9121704	145.9121704
239389.8964	239389.8964
-747962.9517	-747962.9517
-671612.6442	-671612.6442
-1168.251038	-1168.251038
255925.7507	255925.7507
-720547.1992	-720547.1992
-681535.8162	-681535.8162
-3148.937225	-3148.937225
270288.7535	270288.7535
-665779.7813	-665779.7813
-701244.545	-701244.545
-9228.897095	-9228.897095
240207.6721	240207.6721
-588816.2613	-588816.2613
-736430.4543	-736430.4543
-29330.63507	-29330.63507
197729.1107	197729.1107
-482065.6776	-482065.6776
-785943.6035	-785943.6035
-69342.13638	-69342.13638
146106.0524	146106.0524
-374218.75	-374218.75
-790998.745	-790998.745
-102917.8619	-102917.8619
88547.32513	88547.32513
-235058.5938	-235058.5938
-798360.7292	-798360.7292
-165264.7018	-165264.7018
41107.65457	41107.65457
-103856.1821	-103856.1821
-799995.0409	-799995.0409
-232728.0998	-232728.0998
10508.63266	10508.63266
-71730.89981	-71730.89981
-799897.2893	-799897.2893
-290423.4886	-290423.4886
986.5760803	986.5760803
5467.033386	5467.033386
-798744.9646	-798744.9646
-319006.3477	-319006.3477
1265.43045	1265.43045
63589.57291	63589.57291
-795946.312	-795946.312
-282264.4234	-282264.4234
492.1913147	492.1913147
128720.1881	128720.1881
-778686.3327	-778686.3327
-447212.3146	-447212.3146
403.7857056	403.7857056
135773.7541	135773.7541
-781934.0706	-781934.0706
-489549.3507	-489549.3507
361.9194031	361.9194031
180919.7426	180919.7426
-769173.7175	-769173.7175
-500526.9051	-500526.9051
266.3612366	266.3612366
232132.7209	232132.7209
-728649.4255	-728649.4255
-573408.1268	-573408.1268
-128.7460327	-128.7460327
239621.2578	239621.2578
-713605.1178	-713605.1178
-583614.9216	-583614.9216
-845.0508118	-845.0508118
272016.2392	272016.2392
-712398.9105	-712398.9105
-694544.0292	-694544.0292
-7216.453552	-7216.453552
245033.6456	245033.6456
-608995.8191	-608995.8191
-721497.8218	-721497.8218
-18709.65958	-18709.65958
203180.027	203180.027
-506624.8894	-506624.8894
-756959.1522	-756959.1522
-38795.08972	-38795.08972
150539.3982	150539.3982
-387304.6875	-387304.6875
-787949.3713	-787949.3713
-92098.61755	-92098.61755
92192.26837	92192.26837
-272886.467	-272886.467
-790301.3229	-790301.3229
-113309.288	-113309.288
36827.75497	36827.75497
-71852.68402	-71852.68402
-798612.4039	-798612.4039
-169296.0739	-169296.0739
11226.55869	11226.55869
-49334.62143	-49334.62143
-796929.8363	-796929.8363
-219640.5411	-219640.5411
1061.820984	1061.820984
26860.14175	26860.14175
-787109.4704	-787109.4704
-271593.6661	-271593.6661
489.7117615	489.7117615
89942.16919	89942.16919
-777138.9961	-777138.9961
-324996.7575	-324996.7575
483.7989807	483.7989807
107314.0144	107314.0144
-771765.8997	-771765.8997
-385496.7117	-385496.7117
433.921814	433.921814
141743.5646	141743.5646
-782071.3997	-782071.3997
-478745.079	-478745.079
384.7122192	384.7122192
195379.734	195379.734
-707253.7422	-707253.7422
-515055.7518	-515055.7518
254.1542053	254.1542053
241820.8122	241820.8122
-704069.9959	-704069.9959
-566943.264	-566943.264
-181.4842224	-181.4842224
256079.7691	256079.7691
-717568.3022	-717568.3022
-611703.4912	-611703.4912
-1123.142242	-1123.142242
283851.9096	283851.9096
-696025.2762	-696025.2762
-656198.7877	-656198.7877
-5727.005005	-5727.005005
260443.9735	260443.9735
-565608.12	-565608.12
-715858.7456	-715858.7456
-19115.06653	-19115.06653
218536.6631	218536.6631
-499090.1947	-499090.1947
-739730.3581	-739730.3581
-41879.55856	-41879.55856
226821.9948	226821.9948
-365231.6093	-365231.6093
-764802.4559	-764802.4559
-65189.45694	-65189.45694
114855.2895	114855.2895
-300683.5938	-300683.5938
-792669.2009	-792669.2009
-118942.2607	-118942.2607
53768.06259	53768.06259
-132776.5465	-132776.5465
-780532.1693	-780532.1693
-131148.7198	-131148.7198
15941.90598	15941.90598
-97625.44632	-97625.44632
-794872.1886	-794872.1886
-160833.3588	-160833.3588
1953.983307	1953.983307
-30203.24707	-30203.24707
-799638.8435	-799638.8435
-266780.0903	-266780.0903
523.2810974	523.2810974
85929.67987	85929.67987
-761958.0269	-761958.0269
-314498.0431	-314498.0431
510.3111267	510.3111267
124373.436	124373.436
-753549.8619	-753549.8619
-363464.6416	-363464.6416
457.3822021	457.3822021
138729.3816	138729.3816
-781288.5284	-781288.5284
-459644.6037	-459644.6037
396.6331482	396.6331482
169889.4501	169889.4501
-725192.2607	-725192.2607
-483686.4471	-483686.4471
346.660614	346.660614
212965.2023	212965.2023
-740172.1954	-740172.1954
-522437.3817	-522437.3817
140.1901245	140.1901245
217189.1212	217189.1212
-724384.0218	-724384.0218
-605563.8313	-605563.8313
-686.8362427	-686.8362427
268643.3792	268643.3792
-656247.9019	-656247.9019
-619455.3375	-619455.3375
-2741.05072	-2741.05072
269665.3366	269665.3366
-615543.3655	-615543.3655
-691458.8928	-691458.8928
-12067.5087	-12067.5087
241421.5088	241421.5088
-540816.021	-540816.021
-742135.7155	-742135.7155
-31295.29953	-31295.29953
186284.1606	186284.1606
-451908.8745	-451908.8745
-758702.8503	-758702.8503
-56068.03894	-56068.03894
120044.2314	120044.2314
-231835.9375	-231835.9375
-773933.2199	-773933.2199
-85692.4057	-85692.4057
73338.79471	73338.79471
-154414.9399	-154414.9399
-797005.3673	-797005.3673
-150612.0682	-150612.0682
28491.3063	28491.3063
-81019.21082	-81019.21082
-792012.5961	-792012.5961
-160728.8361	-160728.8361
5797.672272	5797.672272
22786.14044	22786.14044
-791921.3295	-791921.3295
-231856.06	-231856.06
705.4328918	705.4328918
49558.83026	49558.83026
-769392.395	-769392.395
-305177.8793	-305177.8793
491.0469055	491.0469055
73541.64124	73541.64124
-775300.1213	-775300.1213
-344582.0808	-344582.0808
470.9243774	470.9243774
131746.1967	131746.1967
-775037.384	-775037.384
-419424.5338	-419424.5338
416.469574	416.469574
173055.9349	173055.9349
-769868.0878	-769868.0878
-491710.8536	-491710.8536
323.2955933	323.2955933
201531.9824	201531.9824
-737781.1432	-737781.1432
-511977.6726	-511977.6726
217.2470093	217.2470093
226264.1907	226264.1907
-718605.3276	-718605.3276
-572976.9707	-572976.9707
-212.3832703	-212.3832703
271381.7596	271381.7596
-689598.6557	-689598.6557
-633956.337	-633956.337
-2622.60437	-2622.60437
269759.8457	269759.8457
-617848.8731	-617848.8731
-697519.9699	-697519.9699
-9684.562683	-9684.562683
255994.4153	255994.4153
-561778.1639	-561778.1639
-750028.6102	-750028.6102
-35022.7356	-35022.7356
204693.6989	204693.6989
-478138.4468	-478138.4468
-744765.5678	-744765.5678
-48795.89081	-48795.89081
141901.3023	141901.3023
-282128.9063	-282128.9063
-782137.0125	-782137.0125
-92996.59729	-92996.59729
89308.83408	89308.83408
-198159.5993	-198159.5993
-782462.3108	-782462.3108
-90339.46991	-90339.46991
40466.49933	40466.49933
-81146.81244	-81146.81244
-798667.8123	-798667.8123
-189254.6654	-189254.6654
7419.681549	7419.681549
-8549.594879	-8549.594879
-794047.5464	-794047.5464
-247460.3653	-247460.3653
912.1894836	912.1894836
12022.59064	12022.59064
-799165.7257	-799165.7257
-276915.8363	-276915.8363
508.4037781	508.4037781
63399.41025	63399.41025
-795585.7277	-795585.7277
-337407.8751	-337407.8751
464.9162292	464.9162292
146626.1864	146626.1864
-757632.4463	-757632.4463
-448258.1139	-448258.1139
428.1044006	428.1044006
179219.2459	179219.2459
-719768.1427	-719768.1427
-428232.9559	-428232.9559
421.8101501	421.8101501
218585.3004	218585.3004
-733742.9047	-733742.9047
-492264.6523	-492264.6523
309.6580505	309.6580505
166973.3047	166973.3047
-737127.6855	-737127.6855
-580711.4601	-580711.4601
-225.2578735	-225.2578735
256393.4326	256393.4326
-712077.8084	-712077.8084
-644565.2962	-644565.2962
-2140.426636	-2140.426636
270934.2003	270934.2003
-669150.3525	-669150.3525
-659574.1272	-659574.1272
-5490.207672	-5490.207672
255722.332	255722.332
-556043.0527	-556043.0527
-682922.1725	-682922.1725
-19061.47003	-19061.47003
210071.5637	210071.5637
-463210.4874	-463210.4874
-729720.3064	-729720.3064
-35451.79367	-35451.79367
159898.6626	159898.6626
-365820.3125	-365820.3125
-797362.5183	-797362.5183
-124450.6836	-124450.6836
98579.88358	98579.88358
-269907.4745	-269907.4745
-785518.9323	-785518.9323
-121167.9459	-121167.9459
52083.77838	52083.77838
-207041.1682	-207041.1682
-796168.1366	-796168.1366
-148059.4635	-148059.4635
14793.77747	14793.77747
-77597.332	-77597.332
-799167.2516	-799167.2516
-215179.1573	-215179.1573
977.230072	977.230072
45730.97229	45730.97229
-775916.3857	-775916.3857
-282617.4736	-282617.4736
511.6462708	511.6462708
104068.47	104068.47
-770790.863	-770790.863
-331619.2627	-331619.2627
474.0715027	474.0715027
138696.6705	138696.6705
-765071.0106	-765071.0106
-398481.4644	-398481.4644
416.2788391	416.2788391
161442.2798	161442.2798
-772166.0614	-772166.0614
-433565.1398	-433565.1398
390.9111023	390.9111023
189043.045	189043.045
-758212.471	-758212.471
-511244.0109	-511244.0109
254.535675	254.535675
243497.3717	243497.3717
-696863.3652	-696863.3652
-555548.3818	-555548.3818
-71.144104	-71.144104
272820.3773	272820.3773
-666930.5801	-666930.5801
-590669.632	-590669.632
-913.0477905	-913.0477905
288584.4231	288584.4231
-635553.36	-635553.36
-658561.039	-658561.039
-4754.829407	-4754.829407
271483.8982	271483.8982
-608265.5907	-608265.5907
-710376.5488	-710376.5488
-19888.01956	-19888.01956
247905.5405	247905.5405
-536391.0675	-536391.0675
-768685.627	-768685.627
-52452.75497	-52452.75497
187732.029	187732.029
-423917.7704	-423917.7704
-790074.3484	-790074.3484
-89069.74792	-89069.74792
140765.1901	140765.1901
-270662.0216	-270662.0216
-796737.957	-796737.957
-129988.8611	-129988.8611
83001.42288	83001.42288
-197376.2512	-197376.2512
-799889.3738	-799889.3738
-196715.3549	-196715.3549
38925.26627	38925.26627
-82529.25873	-82529.25873
-793632.9842	-793632.9842
-246014.8811	-246014.8811
8828.258514	8828.258514
5346.679688	5346.679688
-799896.1449	-799896.1449
-249312.6869	-249312.6869
60517.97867	60517.97867
50088.78708	50088.78708
-797233.6769	-797233.6769
-339818.9545	-339818.9545
455.5702209	455.5702209
155910.4919	155910.4919
-767426.0139	-767426.0139
-356568.0504	-356568.0504
486.1831665	486.1831665
166612.0529	166612.0529
-753205.9669	-753205.9669
-455433.9409	-455433.9409
424.0989685	424.0989685
225604.4388	225604.4388
-736610.2219	-736610.2219
-530212.0209	-530212.0209
293.3502197	293.3502197
226622.0093	226622.0093
-749633.1215	-749633.1215
-569918.1557	-569918.1557
29.08706665	29.08706665
278412.8189	278412.8189
-726687.9082	-726687.9082
-633097.6486	-633097.6486
-964.2601013	-964.2601013
291555.2139	291555.2139
-655158.8058	-655158.8058
-661387.4435	-661387.4435
-3451.156616	-3451.156616
299461.6508	299461.6508
-603168.3922	-603168.3922
-699586.8683	-699586.8683
-14519.0239	-14519.0239
259148.5977	259148.5977
-527464.5805	-527464.5805
-757404.1367	-757404.1367
-34681.32019	-34681.32019
189548.6832	189548.6832
-444156.5514	-444156.5514
-761476.8028	-761476.8028
-66152.19116	-66152.19116
148052.8831	148052.8831
-289746.0938	-289746.0938
-784740.448	-784740.448
-98564.24332	-98564.24332
72704.21982	72704.21982
-175044.0598	-175044.0598
-783326.3397	-783326.3397
-113572.979	-113572.979
31845.47424	31845.47424
-83261.48987	-83261.48987
-796375.7515	-796375.7515
-206799.984	-206799.984
4548.740387	4548.740387
-27878.37982	-27878.37982
-799977.7794	-799977.7794
-234637.0697	-234637.0697
1027.488708	1027.488708
32025.90942	32025.90942
-798910.8086	-798910.8086
-296031.4751	-296031.4751
542.8314209	542.8314209
103822.5174	103822.5174
-777669.9066	-777669.9066
-361548.996	-361548.996
444.0307617	444.0307617
137351.9897	137351.9897
-770875.9308	-770875.9308
-408349.1325	-408349.1325
419.9028015	419.9028015
174110.3172	174110.3172
-738153.7437	-738153.7437
-443144.7983	-443144.7983
396.8238831	396.8238831
221515.7509	221515.7509
-731892.7765	-731892.7765
-505408.3824	-505408.3824
227.6420593	227.6420593
236205.1964	236205.1964
-729208.6601	-729208.6601
-590850.7347	-590850.7347
-339.6034241	-339.6034241
268948.3643	268948.3643
-706527.0424	-706527.0424
-599307.8232	-599307.8232
-2366.161346	-2366.161346
270444.5839	270444.5839
-601724.1478	-601724.1478
-673968.6966	-673968.6966
-9236.335754	-9236.335754
248862.7434	248862.7434
-538758.8501	-538758.8501
-691438.2935	-691438.2935
-21049.59488	-21049.59488
194052.6009	194052.6009
-447482.6813	-447482.6813
-755383.9684	-755383.9684
-52590.46555	-52590.46555
148892.4026	148892.4026
-354193.8782	-354193.8782
-780449.1043	-780449.1043
-90018.93997	-90018.93997
94242.09595	94242.09595
-201123.2376	-201123.2376
-789799.3088	-789799.3088
-117160.4156	-117160.4156
42599.96414	42599.96414
-111466.6939	-111466.6939
-798707.6759	-798707.6759
-206480.5031	-206480.5031
6318.855286	6318.855286
-24740.88669	-24740.88669
-790457.5348	-790457.5348
-189169.693	-189169.693
1105.4039	1105.4039
32279.49142	32279.49142
-798168.6592	-798168.6592
-270945.9305	-270945.9305
23085.49881	23085.49881
74525.9285	74525.9285
-796294.4031	-796294.4031
-326303.9589	-326303.9589
481.3194275	481.3194275
111528.0151	111528.0151
-790099.8116	-790099.8116
-333804.512	-333804.512
465.5838013	465.5838013
180133.8196	180133.8196
-743181.6101	-743181.6101
-481813.3354	-481813.3354
385.9519958	385.9519958
220981.2164	220981.2164
-720803.833	-720803.833
-517785.4538	-517785.4538
269.5083618	269.5083618
236946.106	236946.106
-727730.9418	-727730.9418
-559857.7499	-559857.7499
-83.63723755	-83.63723755
255930.1376	255930.1376
-708879.3755	-708879.3755
-601416.3017	-601416.3017
-1673.698425	-1673.698425
271387.4817	271387.4817
-661559.1049	-661559.1049
-616518.2114	-616518.2114
-3984.546661	-3984.546661
260544.6815	260544.6815
-525379.2763	-525379.2763
-720113.5635	-720113.5635
-25026.70288	-25026.70288
210895.0615	210895.0615
-491257.3814	-491257.3814
-715512.7525	-715512.7525
-36500.83542	-36500.83542
155822.1817	155822.1817
-320317.3637	-320317.3637
-774271.8697	-774271.8697
-84200.95444	-84200.95444
100673.008	100673.008
-230300.7126	-230300.7126
-766791.153	-766791.153
-81667.23251	-81667.23251
50029.5639	50029.5639
-110858.2497	-110858.2497
-782292.5568	-782292.5568
-177606.8687	-177606.8687
10553.64609	10553.64609
-44953.63235	-44953.63235
-798689.5561	-798689.5561
-181410.6941	-181410.6941
1711.654663	1711.654663
35593.70041	35593.70041
-788950.2525	-788950.2525
-249262.4283	-249262.4283
523.9486694	523.9486694
70987.89215	70987.89215
-779769.4206	-779769.4206
-275643.0626	-275643.0626
503.2539368	503.2539368
123640.2512	123640.2512
-782680.13	-782680.13
-350251.2932	-350251.2932
473.0224609	473.0224609
149212.3604	149212.3604
-780683.9943	-780683.9943
-447478.3897	-447478.3897
391.1018372	391.1018372
200087.738	200087.738
-743820.7626	-743820.7626
-458571.3387	-458571.3387
34768.29529	34768.29529
247696.9719	247696.9719
-702024.8413	-702024.8413
-546524.9062	-546524.9062
29.08706665	29.08706665
271090.3168	271090.3168
-669179.2488	-669179.2488
-551960.0868	-551960.0868
-723.6480713	-723.6480713
279199.8863	279199.8863
-649969.7685	-649969.7685
-675335.4073	-675335.4073
-4747.867584	-4747.867584
266918.9453	266918.9453
-608537.3878	-608537.3878
-681532.9552	-681532.9552
-13747.69211	-13747.69211
232450.676	232450.676
-513537.1208	-513537.1208
-759713.5544	-759713.5544
-43169.59381	-43169.59381
183244.9913	183244.9913
-412295.4369	-412295.4369
-747870.4453	-747870.4453
-57099.72382	-57099.72382
119227.9816	119227.9816
-301171.875	-301171.875
-778991.3177	-778991.3177
-99435.61554	-99435.61554
67627.33459	67627.33459
-186270.8092	-186270.8092
-791027.9274	-791027.9274
-130753.231	-130753.231
20504.18854	20504.18854
-35578.15552	-35578.15552
-798983.86	-798983.86
-231861.5913	-231861.5913
5622.386932	5622.386932
21983.43277	21983.43277
-793791.8663	-793791.8663
-251169.4908	-251169.4908
725.0785828	725.0785828
48259.25827	48259.25827
-797424.221	-797424.221
-302931.5948	-302931.5948
485.2294922	485.2294922
91806.31638	91806.31638
-793656.826	-793656.826
-356249.6185	-356249.6185
461.8644714	461.8644714
166191.7686	166191.7686
-764798.4505	-764798.4505
-421432.3997	-421432.3997
421.0472107	421.0472107
188822.4602	188822.4602
-758631.5155	-758631.5155
-510656.0707	-510656.0707
261.6882324	261.6882324
250921.7262	250921.7262
-754785.1563	-754785.1563
-573888.3972	-573888.3972
67.23403931	67.23403931
255727.2911	255727.2911
-724972.6295	-724972.6295
-603196.3348	-603196.3348
-610.4469299	-610.4469299
275021.4577	275021.4577
-694945.1447	-694945.1447
-621358.8715	-621358.8715
-3222.179413	-3222.179413
280239.5821	280239.5821
-638666.3437	-638666.3437
-718416.5955	-718416.5955
-14140.41519	-14140.41519
241691.8755	241691.8755
-553763.7711	-553763.7711
-707459.8312	-707459.8312
-28621.95969	-28621.95969
212305.069	212305.069
-443215.5609	-443215.5609
-765425.2052	-765425.2052
-65373.99292	-65373.99292
145545.2919	145545.2919
-280221.2715	-280221.2715
-763861.5608	-763861.5608
-88584.23233	-88584.23233
80819.89288	80819.89288
-166378.8795	-166378.8795
-780774.3073	-780774.3073
-157332.325	-157332.325
32976.72272	32976.72272
-91007.90024	-91007.90024
-786850.071	-786850.071
-133352.8519	-133352.8519
7010.269165	7010.269165
-14938.25912	-14938.25912
-791466.713	-791466.713
-190847.4922	-190847.4922
632.3814392	632.3814392
28911.68594	28911.68594
-798860.3592	-798860.3592
-248606.205	-248606.205
524.6162415	524.6162415
106133.2703	106133.2703
-776356.7924	-776356.7924
-309804.9164	-309804.9164
493.6218262	493.6218262
148246.5744	148246.5744
-721719.8372	-721719.8372
-414994.1444	-414994.1444
471.7826843	471.7826843
192430.7823	192430.7823
-741970.9206	-741970.9206
-494618.1297	-494618.1297
355.2436829	355.2436829
211037.4451	211037.4451
-730348.7778	-730348.7778
-496449.3752	-496449.3752
258.731842	258.731842
258479.3091	258479.3091
-713558.197	-713558.197
-620012.4741	-620012.4741
-738.2392883	-738.2392883
275458.2405	275458.2405
-678242.7788	-678242.7788
-612065.4106	-612065.4106
-2044.677734	-2044.677734
273149.6811	273149.6811
-629938.0302	-629938.0302
-685402.7748	-685402.7748
-7707.40509	-7707.40509
257382.1068	257382.1068
-534486.7706	-534486.7706
-671776.0086	-671776.0086
-16114.13956	-16114.13956
214118.576	214118.576
-425935.4591	-425935.4591
-744549.0837	-744549.0837
-45725.44098	-45725.44098
153555.7747	153555.7747
-327845.0966	-327845.0966
-776443.8629	-776443.8629
-85876.36948	-85876.36948
99565.50598	99565.50598
-194654.0833	-194654.0833
-788869.381	-788869.381
-116896.7247	-116896.7247
52569.00787	52569.00787
-120338.1538	-120338.1538
-799434.0897	-799434.0897
-184365.1772	-184365.1772
14333.91571	14333.91571
-19378.18527	-19378.18527
-798265.8386	-798265.8386
-249114.418	-249114.418
41786.00311	41786.00311
56045.34149	56045.34149
-797642.7078	-797642.7078
-286100.2922	-286100.2922
615.3106689	615.3106689
113664.341	113664.341
-775152.1111	-775152.1111
-359217.7391	-359217.7391
461.1968994	461.1968994
132669.1628	132669.1628
-773912.6205	-773912.6205
-385404.4914	-385404.4914
460.6246948	460.6246948
180176.4488	180176.4488
-721697.4258	-721697.4258
-447002.7924	-447002.7924
354.6714783	354.6714783
202443.3136	202443.3136
-749349.8802	-749349.8802
-503495.0256	-503495.0256
265.12146	265.12146
251840.0192	251840.0192
-680055.4276	-680055.4276
-543927.1927	-543927.1927
30.70831299	30.70831299
272476.2917	272476.2917
-618399.2386	-618399.2386
-605360.2219	-605360.2219
-1135.921478	-1135.921478
283703.9948	283703.9948
-646665.6685	-646665.6685
-640026.0925	-640026.0925
-4977.703094	-4977.703094
262355.6137	262355.6137
-561845.4933	-561845.4933
-706483.2687	-706483.2687
-20319.93866	-20319.93866
227445.0302	227445.0302
-481610.3935	-481610.3935
-720812.7975	-720812.7975
-39094.44809	-39094.44809
167595.9587	167595.9587
-358613.8725	-358613.8725
-757534.5039	-757534.5039
-68912.02927	-68912.02927
115431.5948	115431.5948
-228807.7354	-228807.7354
-759258.6517	-759258.6517
-84683.70438	-84683.70438
58597.46933	58597.46933
-114625.8354	-114625.8354
-770007.0381	-770007.0381
-137500.6676	-137500.6676
15126.3237	15126.3237
-43295.28809	-43295.28809
-798606.3004	-798606.3004
-175992.775	-175992.775
3132.820129	3132.820129
49407.57751	49407.57751
-772177.5055	-772177.5055
-261128.7117	-261128.7117
511.7416382	511.7416382
89700.31738	89700.31738
-754376.2207	-754376.2207
-339781.5704	-339781.5704
472.4502563	472.4502563
123458.2901	123458.2901
-782586.7653	-782586.7653
-414091.4917	-414091.4917
411.605835	411.605835
177719.6884	177719.6884
-714039.8026	-714039.8026
-406036.1862	-406036.1862
432.0144653	432.0144653
213121.6049	213121.6049
-759568.2144	-759568.2144
-484202.4803	-484202.4803
317.8596497	317.8596497
240066.2422	240066.2422
-740556.6216	-740556.6216
-509565.9256	-509565.9256
142.0021057	142.0021057
274692.0586	274692.0586
-661947.8226	-661947.8226
-570785.4271	-570785.4271
-742.3400879	-742.3400879
277537.7274	277537.7274
-604804.3251	-604804.3251
-653447.3419	-653447.3419
-4701.519012	-4701.519012
275065.9943	275065.9943
-580818.0809	-580818.0809
-679100.7996	-679100.7996
-7033.729553	-7033.729553
243100.1663	243100.1663
-495637.4168	-495637.4168
-728416.1568	-728416.1568
-34718.99033	-34718.99033
182927.6085	182927.6085
-392546.7491	-392546.7491
-750318.5272	-750318.5272
-57819.17572	-57819.17572
129427.0515	129427.0515
-299673.0804	-299673.0804
-779166.6031	-779166.6031
-94029.80804	-94029.80804
76671.69571	76671.69571
-136810.3027	-136810.3027
-785769.6533	-785769.6533
-156892.1089	-156892.1089
29881.95419	29881.95419
-48634.14764	-48634.14764
-771084.2133	-771084.2133
-194917.7742	-194917.7742
5665.874481	5665.874481
17155.17044	17155.17044
-791010.1891	-791010.1891
-270701.1223	-270701.1223
590.133667	590.133667
73049.83139	73049.83139
-792208.9577	-792208.9577
-257474.8039	-257474.8039
476.5510559	476.5510559
115677.5475	115677.5475
-785229.6829	-785229.6829
-349080.0858	-349080.0858
491.4283752	491.4283752
158414.3639	158414.3639
-771837.3299	-771837.3299
-406402.1111	-406402.1111
463.3903503	463.3903503
219682.9796	219682.9796
-761205.1964	-761205.1964
-439277.6489	-439277.6489
352.2872925	352.2872925
236317.1577	236317.1577
-689774.5132	-689774.5132
-521992.8741	-521992.8741
170.9938049	170.9938049
269666.2903	269666.2903
-693059.2537	-693059.2537
-542361.6409	-542361.6409
-278.9497375	-278.9497375
286302.3758	286302.3758
-668857.193	-668857.193
-660189.5332	-660189.5332
26811.59973	26811.59973
283134.2697	283134.2697
-583464.0503	-583464.0503
-691367.5308	-691367.5308
-12157.82166	-12157.82166
246688.3659	246688.3659
-501205.349	-501205.349
-707378.5782	-707378.5782
-29251.67084	-29251.67084
202131.9389	202131.9389
-376656.6277	-376656.6277
-761633.4915	-761633.4915
-63267.89856	-63267.89856
142064.2853	142064.2853
-312500	-312500
-775412.3688	-775412.3688
-87386.60812	-87386.60812
95637.51221	95637.51221
-192438.0302	-192438.0302
-796931.6483	-796931.6483
-152916.8129	-152916.8129
35799.69406	35799.69406
-109657.0969	-109657.0969
-790612.03	-790612.03
-132087.6122	-132087.6122
8217.811584	8217.811584
-15851.68839	-15851.68839
-791611.29	-791611.29
-177691.7458	-177691.7458
1033.210754	1033.210754
68435.38284	68435.38284
-793167.2096	-793167.2096
-334996.891	-334996.891
482.3684692	482.3684692
127978.9925	127978.9925
-775666.7137	-775666.7137
-353715.7059	-353715.7059
434.2079163	434.2079163
154037.8571	154037.8571
-769921.3028	-769921.3028
-367260.3607	-367260.3607
424.9572754	424.9572754
197004.7951	197004.7951
-725774.8604	-725774.8604
-490464.2105	-490464.2105
353.4317017	353.4317017
234853.7445	234853.7445
-725309.3719	-725309.3719
-506560.6117	-506560.6117
197.7920532	197.7920532
255101.8715	255101.8715
-703035.9268	-703035.9268
-540443.7065	-540443.7065
-253.5820007	-253.5820007
286187.2673	286187.2673
-659845.4475	-659845.4475
-604190.9218	-604190.9218
-1562.309265	-1562.309265
289498.9014	289498.9014
-598481.9412	-598481.9412
-632161.7126	-632161.7126
-6210.803986	-6210.803986
254089.0694	254089.0694
-539261.3411	-539261.3411
-719875.6218	-719875.6218
-23738.47961	-23738.47961
215787.1246	215787.1246
-408891.6779	-408891.6779
-753779.8882	-753779.8882
-54129.31442	-54129.31442
160350.6088	160350.6088
-309531.1165	-309531.1165
-756844.8067	-756844.8067
-74038.02872	-74038.02872
99519.15741	99519.15741
-230296.7072	-230296.7072
-781583.2138	-781583.2138
-107482.1472	-107482.1472
48843.95599	48843.95599
-85397.91107	-85397.91107
-798472.7859	-798472.7859
-182705.1163	-182705.1163
12273.97919	12273.97919
-3167.438507	-3167.438507
-798180.9616	-798180.9616
-187839.3173	-187839.3173
4380.989075	4380.989075
56124.87793	56124.87793
-798928.9284	-798928.9284
-282481.575	-282481.575
538.1584167	538.1584167
102536.9644	102536.9644
-786643.219	-786643.219
-274492.9314	-274492.9314
508.2130432	508.2130432
132183.5518	132183.5518
-769911.0985	-769911.0985
-400596.6187	-400596.6187
428.2951355	428.2951355
191566.5627	191566.5627
-758787.632	-758787.632
-468410.0151	-468410.0151
372.7912903	372.7912903
228860.7597	228860.7597
-723616.5047	-723616.5047
-549495.2202	-549495.2202
229.6447754	229.6447754
251357.0786	251357.0786
-692032.9094	-692032.9094
-568754.2915	-568754.2915
-144.6723938	-144.6723938
271761.322	271761.322
-683819.3893	-683819.3893
-660766.0294	-660766.0294
-2288.532257	-2288.532257
286280.5367	286280.5367
-626936.9125	-626936.9125
-664966.2971	-664966.2971
-7157.611847	-7157.611847
272063.2553	272063.2553
-542908.0963	-542908.0963
-710473.8235	-710473.8235
-19930.45807	-19930.45807
223630.7144	223630.7144
-456995.9641	-456995.9641
-738197.5174	-738197.5174
-42410.85052	-42410.85052
166741.1804	166741.1804
-345410.1563	-345410.1563
-779234.7908	-779234.7908
-78266.52527	-78266.52527
116485.6911	116485.6911
-218750	-218750
-757169.1513	-757169.1513
-85310.93597	-85310.93597
57622.90955	57622.90955
-132138.8245	-132138.8245
-796524.9062	-796524.9062
-163794.9944	-163794.9944
21923.25592	21923.25592
-21243.28613	-21243.28613
-799779.2244	-799779.2244
-223835.5637	-223835.5637
2902.317047	2902.317047
49078.94135	49078.94135
-797425.9377	-797425.9377
-216835.3081	-216835.3081
576.877594	576.877594
109521.389	109521.389
-780614.6622	-780614.6622
-281520.8435	-281520.8435
526.0467529	526.0467529
134802.4368	134802.4368
-772365.4747	-772365.4747
-340483.0933	-340483.0933
484.8480225	484.8480225
181313.1332	181313.1332
-750452.2324	-750452.2324
-396439.1708	-396439.1708
415.2297974	415.2297974
211752.4147	211752.4147
-720123.0049	-720123.0049
-570361.1374	-570361.1374
182.1517944	182.1517944
240618.9919	240618.9919
-707940.0063	-707940.0063
-537721.6339	-537721.6339
-4.67300415	-4.67300415
271711.731	271711.731
-648138.4277	-648138.4277
-604787.9219	-604787.9219
-1150.989532	-1150.989532
276992.9886	276992.9886
-652116.0126	-652116.0126
-693177.8908	-693177.8908
-5267.715454	-5267.715454
266615.8676	266615.8676
-592291.3551	-592291.3551
-722551.0597	-722551.0597
-17178.44009	-17178.44009
236483.3832	236483.3832
-451654.2435	-451654.2435
-737095.1653	-737095.1653
-38150.40588	-38150.40588
185982.7042	185982.7042
-379176.5213	-379176.5213
-762059.7839	-762059.7839
-68149.94812	-68149.94812
133432.3883	133432.3883
-263281.25	-263281.25
-762899.2081	-762899.2081
-85521.88873	-85521.88873
74806.30875	74806.30875
-141424.2744	-141424.2744
-796585.3691	-796585.3691
-147703.8383	-147703.8383
26094.91348	26094.91348
-50414.84833	-50414.84833
-795797.1573	-795797.1573
-174559.3071	-174559.3071
19783.97369	19783.97369
22709.46503	22709.46503
-799086.2846	-799086.2846
-232614.994	-232614.994
580.0247192	580.0247192
91613.5788	91613.5788
-775836.5631	-775836.5631
-299637.3177	-299637.3177
496.006012	496.006012
106882.5722	106882.5722
-776491.2605	-776491.2605
-401633.9302	-401633.9302
445.6520081	445.6520081
162123.2986	162123.2986
-775974.1783	-775974.1783
-461393.8332	-461393.8332
387.9547119	387.9547119
193027.2102	193027.2102
-718056.488	-718056.488
-453759.4795	-453759.4795
352.3826599	352.3826599
228207.4928	228207.4928
-721187.1147	-721187.1147
-530651.7601	-530651.7601
97.46551514	97.46551514
271652.6031	271652.6031
-726254.5586	-726254.5586
-610447.8836	-610447.8836
-717.830658	-717.830658
274733.6388	274733.6388
-668157.7682	-668157.7682
-645127.5826	-645127.5826
-3263.282776	-3263.282776
278663.826	278663.826
-601073.7419	-601073.7419
-720135.1166	-720135.1166
-14087.1048	-14087.1048
252513.7901	252513.7901
-488947.2961	-488947.2961
-754287.1475	-754287.1475
-34400.93994	-34400.93994
191604.1374	191604.1374
-402963.4476	-402963.4476
-763981.4377	-763981.4377
-59275.81787	-59275.81787
146694.7556	146694.7556
-298828.125	-298828.125
-789848.423	-789848.423
-105725.6699	-105725.6699
90886.30676	90886.30676
-161044.4069	-161044.4069
-779405.3078	-779405.3078
-125269.5084	-125269.5084
32881.73676	32881.73676
-79577.06451	-79577.06451
-796240.0436	-796240.0436
-158791.0652	-158791.0652
7316.970825	7316.970825
4012.107849	4012.107849
-793099.4034	-793099.4034
-177173.4238	-177173.4238
1363.182068	1363.182068
52001.19019	52001.19019
-795431.7093	-795431.7093
-298866.1766	-298866.1766
498.4855652	498.4855652
122567.4629	122567.4629
-780254.364	-780254.364
-297990.1314	-297990.1314
483.1314087	483.1314087
146821.1174	146821.1174
-762932.3006	-762932.3006
-374417.6865	-374417.6865
460.9107971	460.9107971
187911.7012	187911.7012
-746235.2753	-746235.2753
-463346.6721	-463346.6721
357.7232361	357.7232361
223458.1947	223458.1947
-725020.1225	-725020.1225
-488312.7213	-488312.7213
284.576416	284.576416
255035.7819	255035.7819
-701675.6058	-701675.6058
-577708.4351	-577708.4351
-372.7912903	-372.7912903
272843.0748	272843.0748
-665660.2859	-665660.2859
-663691.9022	-663691.9022
-1950.550079	-1950.550079
258983.8028	258983.8028
-619220.2568	-619220.2568
-688471.3173	-688471.3173
-9541.225433	-9541.225433
254599.2851	254599.2851
-537153.1487	-537153.1487
-662432.1938	-662432.1938
-18036.65161	-18036.65161
210999.7749	210999.7749
-428968.5249	-428968.5249
-727486.9919	-727486.9919
-47529.50668	-47529.50668
164176.6548	164176.6548
-292693.9011	-292693.9011
-758265.3046	-758265.3046
-89727.40173	-89727.40173
101140.976	101140.976
-218071.5561	-218071.5561
-775215.3397	-775215.3397
-94649.12415	-94649.12415
44993.20984	44993.20984
-102179.4319	-102179.4319
-797982.3112	-797982.3112
-185414.6957	-185414.6957
11782.74155	11782.74155
-27305.50766	-27305.50766
-773032.2838	-773032.2838
-213541.317	-213541.317
1765.060425	1765.060425
55236.72104	55236.72104
-759370.7085	-759370.7085
-248448.658	-248448.658
506.8778992	506.8778992
117042.8276	117042.8276
-785242.6529	-785242.6529
-353319.7403	-353319.7403
480.4611206	480.4611206
152587.2231	152587.2231
-772892.4751	-772892.4751
-378179.0733	-378179.0733
457.7636719	457.7636719
177719.3069	177719.3069
-757810.4973	-757810.4973
-419689.846	-419689.846
407.0281982	407.0281982
223870.945	223870.945
-732420.1584	-732420.1584
-526344.2039	-526344.2039
236.6065979	236.6065979
242760.0861	242760.0861
-710793.1137	-710793.1137
-556273.4604	-556273.4604
-127.8877258	-127.8877258
281414.5088	281414.5088
-689173.4123	-689173.4123
-594961.4525	-594961.4525
-1303.672791	-1303.672791
293612.2894	293612.2894
-633870.6017	-633870.6017
-659459.4955	-659459.4955
-6129.360199	-6129.360199
266047.287	266047.287
-559442.9016	-559442.9016
-680072.403	-680072.403
-14591.97998	-14591.97998
229592.6094	229592.6094
-473795.3186	-473795.3186
-761202.1446	-761202.1446
-52191.54358	-52191.54358
183705.616	183705.616
-368430.9006	-368430.9006
-747862.6251	-747862.6251
-62190.24658	-62190.24658
110027.2179	110027.2179
-236621.0938	-236621.0938
-767114.4485	-767114.4485
-87073.51685	-87073.51685
60892.96341	60892.96341
-138421.8216	-138421.8216
-782643.3182	-782643.3182
-135768.6043	-135768.6043
21955.10864	21955.10864
-44970.89386	-44970.89386
-796636.2953	-796636.2953
-173641.1095	-173641.1095
2961.63559	2961.63559
26538.84888	26538.84888
-795453.4531	-795453.4531
-302797.3175	-302797.3175
467.300415	467.300415
92971.51566	92971.51566
-793473.5298	-793473.5298
-320318.3174	-320318.3174
448.3222961	448.3222961
124195.2896	124195.2896
-783524.5132	-783524.5132
-402767.2768	-402767.2768
441.4558411	441.4558411
173915.0047	173915.0047
745.010376	745.010376
